0.000000000000000000e+00 0.000000000000000000e+00
0.000000000000000000e+00 0.000000000000000000e+00
0.000000000000000000e+00 0.000000000000000000e+00
0.000000000000000000e+00 0.000000000000000000e+00
0.000000000000000000e+00 0.000000000000000000e+00
0.000000000000000000e+00 0.000000000000000000e+00
0.000000000000000000e+00 0.000000000000000000e+00
0.000000000000000000e+00 0.000000000000000000e+00
0.000000000000000000e+00 0.000000000000000000e+00
0.000000000000000000e+00 0.000000000000000000e+00
0.000000000000000000e+00 0.000000000000000000e+00
0.000000000000000000e+00 0.000000000000000000e+00
0.000000000000000000e+00 0.000000000000000000e+00
0.000000000000000000e+00 0.000000000000000000e+00
0.000000000000000000e+00 0.000000000000000000e+00
0.000000000000000000e+00 0.000000000000000000e+00
0.000000000000000000e+00 0.000000000000000000e+00
0.000000000000000000e+00 0.000000000000000000e+00
0.000000000000000000e+00 0.000000000000000000e+00
0.000000000000000000e+00 0.000000000000000000e+00
0.000000000000000000e+00 0.000000000000000000e+00
0.000000000000000000e+00 0.000000000000000000e+00
0.000000000000000000e+00 0.000000000000000000e+00
0.000000000000000000e+00 0.000000000000000000e+00
0.000000000000000000e+00 0.000000000000000000e+00
0.000000000000000000e+00 0.000000000000000000e+00
0.000000000000000000e+00 0.000000000000000000e+00
0.000000000000000000e+00 0.000000000000000000e+00
0.000000000000000000e+00 0.000000000000000000e+00
3.845314979553222656e-01 5.227440595626831055e-01
3.845314979553222656e-01 5.227440595626831055e-01
3.845314979553222656e-01 5.227440595626831055e-01
3.894962072372436523e-01 5.276100635528564453e-01
3.894962072372436523e-01 5.276100635528564453e-01
3.894962072372436523e-01 5.276100635528564453e-01
3.960852921009063721e-01 5.308384299278259277e-01
3.960852921009063721e-01 5.308384299278259277e-01
3.960852921009063721e-01 5.308384299278259277e-01
3.928541839122772217e-01 5.305002331733703613e-01
3.928541839122772217e-01 5.305002331733703613e-01
3.941446542739868164e-01 5.315679311752319336e-01
3.941446542739868164e-01 5.315679311752319336e-01
3.955321013927459717e-01 5.341571569442749023e-01
3.955321013927459717e-01 5.341571569442749023e-01
3.965448737144470215e-01 5.353814363479614258e-01
3.965448737144470215e-01 5.353814363479614258e-01
3.974790275096893311e-01 5.377115607261657715e-01
3.974790275096893311e-01 5.377115607261657715e-01
3.974790275096893311e-01 5.377115607261657715e-01
3.968057036399841309e-01 5.370656847953796387e-01
3.968057036399841309e-01 5.370656847953796387e-01
3.990273773670196533e-01 5.360150933265686035e-01
3.988560140132904053e-01 5.281507968902587891e-01
3.988560140132904053e-01 5.281507968902587891e-01
3.988299369812011719e-01 5.265743136405944824e-01
3.988299369812011719e-01 5.265743136405944824e-01
3.952794969081878662e-01 5.309980511665344238e-01
3.952794969081878662e-01 5.309980511665344238e-01
3.964920639991760254e-01 5.323752760887145996e-01
3.964920639991760254e-01 5.323752760887145996e-01
3.964920639991760254e-01 5.323752760887145996e-01
4.002455770969390869e-01 5.329958200454711914e-01
4.002455770969390869e-01 5.329958200454711914e-01
4.004685282707214355e-01 5.338828563690185547e-01
4.004685282707214355e-01 5.338828563690185547e-01
3.995166420936584473e-01 5.390031933784484863e-01
3.995166420936584473e-01 5.390031933784484863e-01
3.995166420936584473e-01 5.390031933784484863e-01
4.049786031246185303e-01 5.249544978141784668e-01
4.049786031246185303e-01 5.249544978141784668e-01
4.049786031246185303e-01 5.249544978141784668e-01
4.437242448329925537e-01 5.243272185325622559e-01
4.437242448329925537e-01 5.243272185325622559e-01
4.457951188087463379e-01 5.127260684967041016e-01
4.457951188087463379e-01 5.127260684967041016e-01
4.466283917427062988e-01 5.102822184562683105e-01
4.466283917427062988e-01 5.102822184562683105e-01
4.458898901939392090e-01 5.114847421646118164e-01
4.458898901939392090e-01 5.114847421646118164e-01
4.459528326988220215e-01 5.013066530227661133e-01
4.459528326988220215e-01 5.013066530227661133e-01
4.414428174495697021e-01 4.952325820922851562e-01
4.414428174495697021e-01 4.952325820922851562e-01
4.426249861717224121e-01 4.778811335563659668e-01
4.426249861717224121e-01 4.778811335563659668e-01
4.422779977321624756e-01 4.402089118957519531e-01
4.422779977321624756e-01 4.402089118957519531e-01
4.348697066307067871e-01 4.309418797492980957e-01
4.348697066307067871e-01 4.309418797492980957e-01
4.342257082462310791e-01 4.270676374435424805e-01
4.342257082462310791e-01 4.270676374435424805e-01
4.364136159420013428e-01 4.370524585247039795e-01
4.364136159420013428e-01 4.370524585247039795e-01
4.337233603000640869e-01 4.255928993225097656e-01
4.335806965827941895e-01 4.198675155639648438e-01
4.335806965827941895e-01 4.198675155639648438e-01
4.335806965827941895e-01 4.198675155639648438e-01
4.287709295749664307e-01 4.061688184738159180e-01
4.260286390781402588e-01 3.988193273544311523e-01
4.260286390781402588e-01 3.988193273544311523e-01
4.250416159629821777e-01 3.992235958576202393e-01
4.250416159629821777e-01 3.992235958576202393e-01
4.343636035919189453e-01 3.938686251640319824e-01
4.343636035919189453e-01 3.938686251640319824e-01
4.343636035919189453e-01 3.938686251640319824e-01
4.493654668331146240e-01 3.925285339355468750e-01
4.493654668331146240e-01 3.925285339355468750e-01
4.493654668331146240e-01 3.925285339355468750e-01
4.979701042175292969e-01 4.111587405204772949e-01
5.146152973175048828e-01 4.201611280441284180e-01
5.146152973175048828e-01 4.201611280441284180e-01
5.146152973175048828e-01 4.201611280441284180e-01
4.995455741882324219e-01 4.201660752296447754e-01
4.995455741882324219e-01 4.201660752296447754e-01
4.536425471305847168e-01 3.806026577949523926e-01
4.536425471305847168e-01 3.806026577949523926e-01
4.577149748802185059e-01 4.069618582725524902e-01
4.577149748802185059e-01 4.069618582725524902e-01
4.409124255180358887e-01 4.147011935710906982e-01
4.409124255180358887e-01 4.147011935710906982e-01
4.294143319129943848e-01 4.043540358543395996e-01
4.294143319129943848e-01 4.043540358543395996e-01
4.410256743431091309e-01 3.985689878463745117e-01
4.410256743431091309e-01 3.985689878463745117e-01
4.850841462612152100e-01 4.393763542175292969e-01
4.850841462612152100e-01 4.393763542175292969e-01
5.329585671424865723e-01 4.679731130599975586e-01
5.329585671424865723e-01 4.679731130599975586e-01
5.431749224662780762e-01 4.649460613727569580e-01
5.431749224662780762e-01 4.649460613727569580e-01
5.151963829994201660e-01 4.675722718238830566e-01
5.151963829994201660e-01 4.675722718238830566e-01
4.704975187778472900e-01 4.218842685222625732e-01
4.704975187778472900e-01 4.218842685222625732e-01
4.610525071620941162e-01 4.184473156929016113e-01
4.610525071620941162e-01 4.184473156929016113e-01
4.612509608268737793e-01 4.217818081378936768e-01
4.612509608268737793e-01 4.217818081378936768e-01
4.786724150180816650e-01 4.114131927490234375e-01
4.786724150180816650e-01 4.114131927490234375e-01
4.786724150180816650e-01 4.114131927490234375e-01
4.876623749732971191e-01 4.137576222419738770e-01
4.876623749732971191e-01 4.137576222419738770e-01
5.352941155433654785e-01 4.175683856010437012e-01
5.352941155433654785e-01 4.175683856010437012e-01
5.352941155433654785e-01 4.175683856010437012e-01
5.400259494781494141e-01 4.411028027534484863e-01
5.025806427001953125e-01 4.390012621879577637e-01
5.025806427001953125e-01 4.390012621879577637e-01
4.753105044364929199e-01 4.252884685993194580e-01
4.753105044364929199e-01 4.252884685993194580e-01
4.495276510715484619e-01 4.366216659545898438e-01
4.495276510715484619e-01 4.366216659545898438e-01
4.181541502475738525e-01 4.775349795818328857e-01
4.135368764400482178e-01 4.813993573188781738e-01
4.135368764400482178e-01 4.813993573188781738e-01
4.066596627235412598e-01 4.923989176750183105e-01
4.066596627235412598e-01 4.923989176750183105e-01
4.066596627235412598e-01 4.923989176750183105e-01
4.019777178764343262e-01 4.843232333660125732e-01
3.881058394908905029e-01 4.777727127075195312e-01
3.881058394908905029e-01 4.777727127075195312e-01
3.947722017765045166e-01 4.822527766227722168e-01
3.947722017765045166e-01 4.822527766227722168e-01
4.151789546012878418e-01 4.953506588935852051e-01
4.151789546012878418e-01 4.953506588935852051e-01
4.486705660820007324e-01 4.399277567863464355e-01
4.486705660820007324e-01 4.399277567863464355e-01
4.688557982444763184e-01 4.855424761772155762e-01
4.688557982444763184e-01 4.855424761772155762e-01
5.158740878105163574e-01 5.529072880744934082e-01
5.158740878105163574e-01 5.529072880744934082e-01
5.158740878105163574e-01 5.529072880744934082e-01
5.549409389495849609e-01 5.522430539131164551e-01
5.549409389495849609e-01 5.522430539131164551e-01
5.643813610076904297e-01 5.447709560394287109e-01
5.643813610076904297e-01 5.447709560394287109e-01
5.550859570503234863e-01 5.625776648521423340e-01
5.550859570503234863e-01 5.625776648521423340e-01
5.550859570503234863e-01 5.625776648521423340e-01
5.254530906677246094e-01 5.516676306724548340e-01
5.264831185340881348e-01 5.310094952583312988e-01
5.264831185340881348e-01 5.310094952583312988e-01
5.236647725105285645e-01 5.007444024085998535e-01
5.236647725105285645e-01 5.007444024085998535e-01
5.236647725105285645e-01 5.007444024085998535e-01
5.207718014717102051e-01 4.508386254310607910e-01
5.207718014717102051e-01 4.508386254310607910e-01
5.207718014717102051e-01 4.508386254310607910e-01
5.274711251258850098e-01 4.359761476516723633e-01
5.224737524986267090e-01 4.196653366088867188e-01
5.224737524986267090e-01 4.196653366088867188e-01
5.224737524986267090e-01 4.196653366088867188e-01
5.089068412780761719e-01 3.941169977188110352e-01
5.089068412780761719e-01 3.941169977188110352e-01
5.015099048614501953e-01 4.313917160034179688e-01
5.015099048614501953e-01 4.313917160034179688e-01
4.766542911529541016e-01 4.210325479507446289e-01
4.766542911529541016e-01 4.210325479507446289e-01
4.749557375907897949e-01 4.252728223800659180e-01
4.749557375907897949e-01 4.252728223800659180e-01
4.749557375907897949e-01 4.252728223800659180e-01
4.678469300270080566e-01 4.211519360542297363e-01
4.678469300270080566e-01 4.211519360542297363e-01
4.672469496726989746e-01 4.108874499797821045e-01
4.672469496726989746e-01 4.108874499797821045e-01
4.672469496726989746e-01 4.108874499797821045e-01
4.406567215919494629e-01 4.646334052085876465e-01
3.857911527156829834e-01 5.196962952613830566e-01
3.745820522308349609e-01 5.546556115150451660e-01
3.505386412143707275e-01 5.319408178329467773e-01
3.505386412143707275e-01 5.319408178329467773e-01
3.274554312229156494e-01 5.123676657676696777e-01
3.160840868949890137e-01 5.349467992782592773e-01
3.160840868949890137e-01 5.349467992782592773e-01
2.800630331039428711e-01 5.246513485908508301e-01
2.800630331039428711e-01 5.246513485908508301e-01
2.588673830032348633e-01 5.073145031929016113e-01
2.588673830032348633e-01 5.073145031929016113e-01
2.555239200592041016e-01 5.153055787086486816e-01
2.555239200592041016e-01 5.153055787086486816e-01
2.120147645473480225e-01 4.573270082473754883e-01
2.120147645473480225e-01 4.573270082473754883e-01
2.120147645473480225e-01 4.573270082473754883e-01
2.241771966218948364e-01 5.070141553878784180e-01
2.241771966218948364e-01 5.070141553878784180e-01
2.241771966218948364e-01 5.070141553878784180e-01
2.174864560365676880e-01 4.840141534805297852e-01
2.174864560365676880e-01 4.840141534805297852e-01
2.083382904529571533e-01 4.729800224304199219e-01
2.118917405605316162e-01 4.849589467048645020e-01
2.118917405605316162e-01 4.849589467048645020e-01
2.033331692218780518e-01 4.495412111282348633e-01
2.033331692218780518e-01 4.495412111282348633e-01
2.087871581315994263e-01 4.675124883651733398e-01
2.087871581315994263e-01 4.675124883651733398e-01
2.110988795757293701e-01 4.481738805770874023e-01
2.263173162937164307e-01 4.830011129379272461e-01
2.263173162937164307e-01 4.830011129379272461e-01
2.249299585819244385e-01 4.635404944419860840e-01
2.164822816848754883e-01 4.553142189979553223e-01
2.164822816848754883e-01 4.553142189979553223e-01
2.148156464099884033e-01 4.279030561447143555e-01
2.148156464099884033e-01 4.279030561447143555e-01
2.232179343700408936e-01 4.579001665115356445e-01
2.232179343700408936e-01 4.579001665115356445e-01
2.232179343700408936e-01 4.579001665115356445e-01
2.691588103771209717e-01 4.789581298828125000e-01
2.963835299015045166e-01 5.098814368247985840e-01
2.993248403072357178e-01 5.123885869979858398e-01
2.993248403072357178e-01 5.123885869979858398e-01
3.041468858718872070e-01 4.886328577995300293e-01
3.041468858718872070e-01 4.886328577995300293e-01
3.041468858718872070e-01 4.886328577995300293e-01
3.102457523345947266e-01 4.508525133132934570e-01
3.102457523345947266e-01 4.508525133132934570e-01
3.249144256114959717e-01 4.813718795776367188e-01
3.249144256114959717e-01 4.813718795776367188e-01
3.249855637550354004e-01 4.866191744804382324e-01
3.249855637550354004e-01 4.866191744804382324e-01
3.270225524902343750e-01 4.869054555892944336e-01
3.270225524902343750e-01 4.869054555892944336e-01
3.210203051567077637e-01 4.894583821296691895e-01
3.210203051567077637e-01 4.894583821296691895e-01
3.210203051567077637e-01 4.894583821296691895e-01
3.127402067184448242e-01 4.806453585624694824e-01
3.127402067184448242e-01 4.806453585624694824e-01
3.037970662117004395e-01 4.740222096443176270e-01
3.037970662117004395e-01 4.740222096443176270e-01
3.004818558692932129e-01 5.004094839096069336e-01
3.004818558692932129e-01 5.004094839096069336e-01
2.927265763282775879e-01 4.763302803039550781e-01
2.927265763282775879e-01 4.763302803039550781e-01
2.906576395034790039e-01 4.755064845085144043e-01
2.906576395034790039e-01 4.755064845085144043e-01
2.899188995361328125e-01 4.995337128639221191e-01
2.899188995361328125e-01 4.995337128639221191e-01
2.881928682327270508e-01 5.038606524467468262e-01
2.881928682327270508e-01 5.038606524467468262e-01
2.792010009288787842e-01 4.999385476112365723e-01
2.792010009288787842e-01 4.999385476112365723e-01
2.774097323417663574e-01 5.144039988517761230e-01
2.774097323417663574e-01 5.144039988517761230e-01
2.750100493431091309e-01 4.950942397117614746e-01
2.750100493431091309e-01 4.950942397117614746e-01
2.748453617095947266e-01 4.958381652832031250e-01
2.748453617095947266e-01 4.958381652832031250e-01
2.694402933120727539e-01 5.116295218467712402e-01
2.694402933120727539e-01 5.116295218467712402e-01
2.692494988441467285e-01 5.044088363647460938e-01
2.692494988441467285e-01 5.044088363647460938e-01
2.683084607124328613e-01 4.981213808059692383e-01
2.683084607124328613e-01 4.981213808059692383e-01
2.725679278373718262e-01 5.167258381843566895e-01
2.725679278373718262e-01 5.167258381843566895e-01
2.810288071632385254e-01 5.243691802024841309e-01
2.810288071632385254e-01 5.243691802024841309e-01
2.810288071632385254e-01 5.243691802024841309e-01
2.789916992187500000e-01 5.238084197044372559e-01
2.789916992187500000e-01 5.238084197044372559e-01
2.825373709201812744e-01 5.132475495338439941e-01
2.825373709201812744e-01 5.132475495338439941e-01
2.775382697582244873e-01 5.137609839439392090e-01
2.775382697582244873e-01 5.137609839439392090e-01
2.775382697582244873e-01 5.137609839439392090e-01
2.864670157432556152e-01 5.354236960411071777e-01
2.864670157432556152e-01 5.354236960411071777e-01
2.824128270149230957e-01 5.222486853599548340e-01
2.824128270149230957e-01 5.222486853599548340e-01
2.824128270149230957e-01 5.222486853599548340e-01
2.776654958724975586e-01 5.125215649604797363e-01
2.776654958724975586e-01 5.125215649604797363e-01
2.751072645187377930e-01 5.166079401969909668e-01
2.751072645187377930e-01 5.166079401969909668e-01
2.815721631050109863e-01 5.211684107780456543e-01
2.815721631050109863e-01 5.211684107780456543e-01
2.815721631050109863e-01 5.211684107780456543e-01
2.866382002830505371e-01 5.202163457870483398e-01
2.866382002830505371e-01 5.202163457870483398e-01
2.709392905235290527e-01 4.794897437095642090e-01
2.709392905235290527e-01 4.794897437095642090e-01
2.691785693168640137e-01 4.784728288650512695e-01
2.691785693168640137e-01 4.784728288650512695e-01
2.648131251335144043e-01 4.643338322639465332e-01
2.648131251335144043e-01 4.643338322639465332e-01
2.705676853656768799e-01 4.563164114952087402e-01
2.705676853656768799e-01 4.563164114952087402e-01
2.705676853656768799e-01 4.563164114952087402e-01
2.692534327507019043e-01 4.681828320026397705e-01
2.692534327507019043e-01 4.681828320026397705e-01
2.789669930934906006e-01 4.635460674762725830e-01
2.789669930934906006e-01 4.635460674762725830e-01
2.773594856262207031e-01 4.698892235755920410e-01
2.773594856262207031e-01 4.698892235755920410e-01
2.781731188297271729e-01 4.685390591621398926e-01
2.781731188297271729e-01 4.685390591621398926e-01
2.719969153404235840e-01 4.592017531394958496e-01
2.719969153404235840e-01 4.592017531394958496e-01
2.719969153404235840e-01 4.592017531394958496e-01
2.763184905052185059e-01 4.663508236408233643e-01
2.751176357269287109e-01 4.683300852775573730e-01
2.751176357269287109e-01 4.683300852775573730e-01
2.719132900238037109e-01 4.591042697429656982e-01
2.719132900238037109e-01 4.591042697429656982e-01
2.765781283378601074e-01 4.618957638740539551e-01
2.765781283378601074e-01 4.618957638740539551e-01
2.765781283378601074e-01 4.618957638740539551e-01
2.779421806335449219e-01 4.704688191413879395e-01
2.779421806335449219e-01 4.704688191413879395e-01
2.750313878059387207e-01 4.749656915664672852e-01
2.750313878059387207e-01 4.749656915664672852e-01
2.750313878059387207e-01 4.749656915664672852e-01
2.704561054706573486e-01 4.753499031066894531e-01
2.704561054706573486e-01 4.753499031066894531e-01
2.689031064510345459e-01 4.681478142738342285e-01
2.689031064510345459e-01 4.681478142738342285e-01
2.684762775897979736e-01 4.834492504596710205e-01
2.684762775897979736e-01 4.834492504596710205e-01
2.663276791572570801e-01 4.704111218452453613e-01
2.663276791572570801e-01 4.704111218452453613e-01
2.746074199676513672e-01 4.799523353576660156e-01
2.746074199676513672e-01 4.799523353576660156e-01
2.720490097999572754e-01 4.772052168846130371e-01
2.720490097999572754e-01 4.772052168846130371e-01
2.758328914642333984e-01 4.725831151008605957e-01
2.758328914642333984e-01 4.725831151008605957e-01
2.733758687973022461e-01 4.837745428085327148e-01
2.733758687973022461e-01 4.837745428085327148e-01
2.723425626754760742e-01 4.720048308372497559e-01
2.723425626754760742e-01 4.720048308372497559e-01
2.733239531517028809e-01 4.736987352371215820e-01
2.733239531517028809e-01 4.736987352371215820e-01
2.725366353988647461e-01 4.775568842887878418e-01
2.725366353988647461e-01 4.775568842887878418e-01
2.772793769836425781e-01 4.846484065055847168e-01
2.772793769836425781e-01 4.846484065055847168e-01
2.746166884899139404e-01 4.873881936073303223e-01
2.746166884899139404e-01 4.873881936073303223e-01
2.764692604541778564e-01 4.854016304016113281e-01
2.764692604541778564e-01 4.854016304016113281e-01
2.713116407394409180e-01 4.682329297065734863e-01
2.713116407394409180e-01 4.682329297065734863e-01
2.669542431831359863e-01 4.633477926254272461e-01
2.669542431831359863e-01 4.633477926254272461e-01
2.710759937763214111e-01 4.712739586830139160e-01
2.734462022781372070e-01 4.723596572875976562e-01
2.734462022781372070e-01 4.723596572875976562e-01
2.734462022781372070e-01 4.723596572875976562e-01
2.695768177509307861e-01 4.743469357490539551e-01
2.681953310966491699e-01 4.674437344074249268e-01
2.681953310966491699e-01 4.674437344074249268e-01
2.707288861274719238e-01 4.717957675457000732e-01
2.707288861274719238e-01 4.717957675457000732e-01
2.707288861274719238e-01 4.717957675457000732e-01
2.736122012138366699e-01 4.764010608196258545e-01
2.736122012138366699e-01 4.764010608196258545e-01
2.736122012138366699e-01 4.764010608196258545e-01
2.745386362075805664e-01 4.692415595054626465e-01
2.702573835849761963e-01 4.685055613517761230e-01
2.702573835849761963e-01 4.685055613517761230e-01
2.702573835849761963e-01 4.685055613517761230e-01
2.726481556892395020e-01 4.701485633850097656e-01
2.726481556892395020e-01 4.701485633850097656e-01
2.734290659427642822e-01 4.679114520549774170e-01
2.734290659427642822e-01 4.679114520549774170e-01
2.807419300079345703e-01 4.735022783279418945e-01
2.807419300079345703e-01 4.735022783279418945e-01
2.807419300079345703e-01 4.735022783279418945e-01
2.747969031333923340e-01 4.670248627662658691e-01
2.789322435855865479e-01 4.745978116989135742e-01
2.789322435855865479e-01 4.745978116989135742e-01
2.789322435855865479e-01 4.745978116989135742e-01
2.805690765380859375e-01 4.734966158866882324e-01
2.805690765380859375e-01 4.734966158866882324e-01
2.954517006874084473e-01 4.723316431045532227e-01
2.954517006874084473e-01 4.723316431045532227e-01
3.172727227210998535e-01 4.489462673664093018e-01
3.172727227210998535e-01 4.489462673664093018e-01
3.665536046028137207e-01 4.240623712539672852e-01
3.665536046028137207e-01 4.240623712539672852e-01
3.988965153694152832e-01 3.759170770645141602e-01
3.988965153694152832e-01 3.759170770645141602e-01
4.217197895050048828e-01 3.697576522827148438e-01
4.217197895050048828e-01 3.697576522827148438e-01
4.428388178348541260e-01 3.901916742324829102e-01
4.428388178348541260e-01 3.901916742324829102e-01
4.509690403938293457e-01 3.773589134216308594e-01
4.509690403938293457e-01 3.773589134216308594e-01
4.685563445091247559e-01 3.853317499160766602e-01
4.719528555870056152e-01 3.906285464763641357e-01
4.719528555870056152e-01 3.906285464763641357e-01
4.721252918243408203e-01 3.884737789630889893e-01
4.721252918243408203e-01 3.884737789630889893e-01
4.640613496303558350e-01 4.183363914489746094e-01
4.640613496303558350e-01 4.183363914489746094e-01
4.667381346225738525e-01 4.264076352119445801e-01
4.667381346225738525e-01 4.264076352119445801e-01
4.484090209007263184e-01 4.053392410278320312e-01
4.484090209007263184e-01 4.053392410278320312e-01
4.036858677864074707e-01 3.953025043010711670e-01
4.036858677864074707e-01 3.953025043010711670e-01
3.501755297183990479e-01 3.903690576553344727e-01
3.501755297183990479e-01 3.903690576553344727e-01
3.283685743808746338e-01 3.811671435832977295e-01
3.283685743808746338e-01 3.811671435832977295e-01
3.002874255180358887e-01 3.467200100421905518e-01
3.002874255180358887e-01 3.467200100421905518e-01
2.997256517410278320e-01 3.293904066085815430e-01
2.997256517410278320e-01 3.293904066085815430e-01
3.136795759201049805e-01 3.176584243774414062e-01
3.136795759201049805e-01 3.176584243774414062e-01
3.207492530345916748e-01 2.857819795608520508e-01
3.207492530345916748e-01 2.857819795608520508e-01
3.211112022399902344e-01 2.989085018634796143e-01
3.211112022399902344e-01 2.989085018634796143e-01
3.275309801101684570e-01 2.941714525222778320e-01
3.275309801101684570e-01 2.941714525222778320e-01
3.301072716712951660e-01 2.898315191268920898e-01
3.301072716712951660e-01 2.898315191268920898e-01
3.276552259922027588e-01 3.080464601516723633e-01
3.276552259922027588e-01 3.080464601516723633e-01
3.224400877952575684e-01 3.288519680500030518e-01
3.224400877952575684e-01 3.288519680500030518e-01
3.291949331760406494e-01 3.233750164508819580e-01
3.291949331760406494e-01 3.233750164508819580e-01
3.340157270431518555e-01 3.068851232528686523e-01
3.340157270431518555e-01 3.068851232528686523e-01
3.399182260036468506e-01 3.008034527301788330e-01
3.399182260036468506e-01 3.008034527301788330e-01
3.378380835056304932e-01 3.178335428237915039e-01
3.378380835056304932e-01 3.178335428237915039e-01
3.324962854385375977e-01 3.004442453384399414e-01
3.324962854385375977e-01 3.004442453384399414e-01
3.214136660099029541e-01 2.982999086380004883e-01
3.214136660099029541e-01 2.982999086380004883e-01
3.189439177513122559e-01 2.944320440292358398e-01
3.189439177513122559e-01 2.944320440292358398e-01
3.262469172477722168e-01 3.151535987854003906e-01
3.262469172477722168e-01 3.151535987854003906e-01
3.251155614852905273e-01 3.154490292072296143e-01
3.251155614852905273e-01 3.154490292072296143e-01
3.228667974472045898e-01 3.297169506549835205e-01
3.228667974472045898e-01 3.297169506549835205e-01
3.229649066925048828e-01 3.016060590744018555e-01
3.229649066925048828e-01 3.016060590744018555e-01
3.357899785041809082e-01 3.253260850906372070e-01
3.357899785041809082e-01 3.253260850906372070e-01
3.757327497005462646e-01 3.572933971881866455e-01
3.814761638641357422e-01 3.653443157672882080e-01
3.814761638641357422e-01 3.653443157672882080e-01
3.814761638641357422e-01 3.653443157672882080e-01
4.165692925453186035e-01 3.418345451354980469e-01
4.165692925453186035e-01 3.418345451354980469e-01
4.250509142875671387e-01 3.507082760334014893e-01
4.250509142875671387e-01 3.507082760334014893e-01
4.325788021087646484e-01 3.484781980514526367e-01
4.325788021087646484e-01 3.484781980514526367e-01
4.327932894229888916e-01 3.453708887100219727e-01
4.327932894229888916e-01 3.453708887100219727e-01
4.376644194126129150e-01 3.431662321090698242e-01
4.376644194126129150e-01 3.431662321090698242e-01
4.459764361381530762e-01 3.466552495956420898e-01
4.459764361381530762e-01 3.466552495956420898e-01
4.416940808296203613e-01 3.454773724079132080e-01
4.416940808296203613e-01 3.454773724079132080e-01
4.419275224208831787e-01 3.575899899005889893e-01
4.419275224208831787e-01 3.575899899005889893e-01
4.389353692531585693e-01 3.566590547561645508e-01
4.389353692531585693e-01 3.566590547561645508e-01
4.389353692531585693e-01 3.566590547561645508e-01
4.433922171592712402e-01 3.458191156387329102e-01
4.445709288120269775e-01 3.472470045089721680e-01
4.485917985439300537e-01 3.606373071670532227e-01
4.485917985439300537e-01 3.606373071670532227e-01
4.459910988807678223e-01 3.548259735107421875e-01
4.459910988807678223e-01 3.548259735107421875e-01
4.604472517967224121e-01 3.570747375488281250e-01
4.604472517967224121e-01 3.570747375488281250e-01
4.559858739376068115e-01 3.690924644470214844e-01
4.559858739376068115e-01 3.690924644470214844e-01
4.488701224327087402e-01 3.630701303482055664e-01
4.488701224327087402e-01 3.630701303482055664e-01
4.538406431674957275e-01 3.746570348739624023e-01
4.538406431674957275e-01 3.746570348739624023e-01
4.564330577850341797e-01 3.793174028396606445e-01
4.504438936710357666e-01 3.773745298385620117e-01
4.504438936710357666e-01 3.773745298385620117e-01
4.481266438961029053e-01 3.789143562316894531e-01
4.481266438961029053e-01 3.789143562316894531e-01
4.500197470188140869e-01 3.752549886703491211e-01
4.500197470188140869e-01 3.752549886703491211e-01
4.500197470188140869e-01 3.752549886703491211e-01
4.574237465858459473e-01 3.824054002761840820e-01
4.624360203742980957e-01 3.799084424972534180e-01
4.624360203742980957e-01 3.799084424972534180e-01
4.669353365898132324e-01 3.810318708419799805e-01
4.669353365898132324e-01 3.810318708419799805e-01
4.754397869110107422e-01 3.907828330993652344e-01
4.754397869110107422e-01 3.907828330993652344e-01
4.726272225379943848e-01 3.918180465698242188e-01
4.726272225379943848e-01 3.918180465698242188e-01
4.782951474189758301e-01 4.084912538528442383e-01
4.782951474189758301e-01 4.084912538528442383e-01
4.854319691658020020e-01 4.029051065444946289e-01
4.854319691658020020e-01 4.029051065444946289e-01
4.931856095790863037e-01 3.702416419982910156e-01
4.931856095790863037e-01 3.702416419982910156e-01
4.931856095790863037e-01 3.702416419982910156e-01
4.929417073726654053e-01 3.565725088119506836e-01
4.929417073726654053e-01 3.565725088119506836e-01
4.951280057430267334e-01 3.586949110031127930e-01
4.951280057430267334e-01 3.586949110031127930e-01
5.017523765563964844e-01 3.685518503189086914e-01
5.017523765563964844e-01 3.685518503189086914e-01
5.089357495307922363e-01 4.025237262248992920e-01
5.089357495307922363e-01 4.025237262248992920e-01
5.070765018463134766e-01 4.203625917434692383e-01
5.070765018463134766e-01 4.203625917434692383e-01
5.066030025482177734e-01 3.894649744033813477e-01
5.066030025482177734e-01 3.894649744033813477e-01
5.066030025482177734e-01 3.894649744033813477e-01
5.070014595985412598e-01 3.873405456542968750e-01
5.070014595985412598e-01 3.873405456542968750e-01
5.070014595985412598e-01 3.873405456542968750e-01
5.110384821891784668e-01 3.709761798381805420e-01
5.129123330116271973e-01 3.896162807941436768e-01
5.129123330116271973e-01 3.896162807941436768e-01
5.129123330116271973e-01 3.896162807941436768e-01
5.133964419364929199e-01 3.878105878829956055e-01
5.133964419364929199e-01 3.878105878829956055e-01
5.063170790672302246e-01 3.928757905960083008e-01
5.063170790672302246e-01 3.928757905960083008e-01
5.038723945617675781e-01 3.690342903137207031e-01
5.038723945617675781e-01 3.690342903137207031e-01
5.007167458534240723e-01 3.662619590759277344e-01
5.007167458534240723e-01 3.662619590759277344e-01
4.995591640472412109e-01 3.506865501403808594e-01
4.995591640472412109e-01 3.506865501403808594e-01
4.958578944206237793e-01 3.444865942001342773e-01
4.958578944206237793e-01 3.444865942001342773e-01
4.976634085178375244e-01 3.517563641071319580e-01
4.976634085178375244e-01 3.517563641071319580e-01
4.952198863029479980e-01 3.452324867248535156e-01
4.952198863029479980e-01 3.452324867248535156e-01
4.999639987945556641e-01 3.498417139053344727e-01
4.999639987945556641e-01 3.498417139053344727e-01
5.006109476089477539e-01 3.445148468017578125e-01
5.006109476089477539e-01 3.445148468017578125e-01
4.923056662082672119e-01 3.307099342346191406e-01
4.923056662082672119e-01 3.307099342346191406e-01
4.970528483390808105e-01 3.287726640701293945e-01
4.970528483390808105e-01 3.287726640701293945e-01
4.968311190605163574e-01 3.439767062664031982e-01
4.968311190605163574e-01 3.439767062664031982e-01
4.984617829322814941e-01 3.487137556076049805e-01
4.984617829322814941e-01 3.487137556076049805e-01
5.009370446205139160e-01 3.538489341735839844e-01
5.009370446205139160e-01 3.538489341735839844e-01
5.020848512649536133e-01 3.766051530838012695e-01
5.020848512649536133e-01 3.766051530838012695e-01
4.954797625541687012e-01 3.866141140460968018e-01
4.954797625541687012e-01 3.866141140460968018e-01
5.066109299659729004e-01 3.835398852825164795e-01
5.066109299659729004e-01 3.835398852825164795e-01
5.188145637512207031e-01 4.020293056964874268e-01
5.188145637512207031e-01 4.020293056964874268e-01
5.188145637512207031e-01 4.020293056964874268e-01
5.237200260162353516e-01 3.657971620559692383e-01
5.406882762908935547e-01 3.904696702957153320e-01
5.406882762908935547e-01 3.904696702957153320e-01
5.406882762908935547e-01 3.904696702957153320e-01
5.406882762908935547e-01 3.904696702957153320e-01
5.304607748985290527e-01 3.962951898574829102e-01
5.370650887489318848e-01 4.022486507892608643e-01
5.370650887489318848e-01 4.022486507892608643e-01
5.212758779525756836e-01 4.074866473674774170e-01
5.212758779525756836e-01 4.074866473674774170e-01
5.212758779525756836e-01 4.074866473674774170e-01
5.212758779525756836e-01 4.074866473674774170e-01
5.040361285209655762e-01 3.865720033645629883e-01
5.118191838264465332e-01 4.091619253158569336e-01
5.118191838264465332e-01 4.091619253158569336e-01
5.065295100212097168e-01 4.103969335556030273e-01
5.065295100212097168e-01 4.103969335556030273e-01
5.100128650665283203e-01 4.260101318359375000e-01
5.100128650665283203e-01 4.260101318359375000e-01
5.100128650665283203e-01 4.260101318359375000e-01
5.100128650665283203e-01 4.260101318359375000e-01
5.052991509437561035e-01 4.157524108886718750e-01
5.052991509437561035e-01 4.157524108886718750e-01
5.039264559745788574e-01 4.138457477092742920e-01
5.039264559745788574e-01 4.138457477092742920e-01
5.018767714500427246e-01 4.118947982788085938e-01
5.018767714500427246e-01 4.118947982788085938e-01
4.998244345188140869e-01 4.068932533264160156e-01
4.998244345188140869e-01 4.068932533264160156e-01
4.998244345188140869e-01 4.068932533264160156e-01
4.977454245090484619e-01 3.965122997760772705e-01
4.977454245090484619e-01 3.965122997760772705e-01
4.970503747463226318e-01 3.870338201522827148e-01
4.970503747463226318e-01 3.870338201522827148e-01
5.062157511711120605e-01 3.903269767761230469e-01
5.062157511711120605e-01 3.903269767761230469e-01
4.977359771728515625e-01 3.854466676712036133e-01
4.977359771728515625e-01 3.854466676712036133e-01
4.712792336940765381e-01 3.596451580524444580e-01
4.712792336940765381e-01 3.596451580524444580e-01
3.893223404884338379e-01 4.003623723983764648e-01
3.893223404884338379e-01 4.003623723983764648e-01
3.390002250671386719e-01 3.602768182754516602e-01
3.390002250671386719e-01 3.602768182754516602e-01
2.977322340011596680e-01 3.749247789382934570e-01
2.977322340011596680e-01 3.749247789382934570e-01
2.937175631523132324e-01 3.669085502624511719e-01
2.937175631523132324e-01 3.669085502624511719e-01
2.876296639442443848e-01 3.845192193984985352e-01
2.876296639442443848e-01 3.845192193984985352e-01
2.811872363090515137e-01 3.582252264022827148e-01
2.811872363090515137e-01 3.582252264022827148e-01
2.699079811573028564e-01 4.023765325546264648e-01
2.703927159309387207e-01 4.020037651062011719e-01
2.703927159309387207e-01 4.020037651062011719e-01
2.720116078853607178e-01 3.954255282878875732e-01
2.720116078853607178e-01 3.954255282878875732e-01
2.720116078853607178e-01 3.954255282878875732e-01
2.820167541503906250e-01 3.654047250747680664e-01
2.820167541503906250e-01 3.654047250747680664e-01
3.441936671733856201e-01 3.858388662338256836e-01
3.441936671733856201e-01 3.858388662338256836e-01
3.441936671733856201e-01 3.858388662338256836e-01
5.506636500358581543e-01 4.415894746780395508e-01
5.506636500358581543e-01 4.415894746780395508e-01
7.200247645378112793e-01 3.706338107585906982e-01
7.200247645378112793e-01 3.706338107585906982e-01
7.200247645378112793e-01 3.706338107585906982e-01
6.791449785232543945e-01 4.055539369583129883e-01
5.775297880172729492e-01 4.329991340637207031e-01
5.775297880172729492e-01 4.329991340637207031e-01
5.775297880172729492e-01 4.329991340637207031e-01
5.109418034553527832e-01 4.169256985187530518e-01
6.007693409919738770e-01 4.600558280944824219e-01
6.007693409919738770e-01 4.600558280944824219e-01
6.007693409919738770e-01 4.600558280944824219e-01
6.585949659347534180e-01 4.240034818649291992e-01
6.585949659347534180e-01 4.240034818649291992e-01
5.365802049636840820e-01 4.099863767623901367e-01
5.365802049636840820e-01 4.099863767623901367e-01
4.643145501613616943e-01 4.016748666763305664e-01
4.643145501613616943e-01 4.016748666763305664e-01
5.517296195030212402e-01 4.456242918968200684e-01
5.517296195030212402e-01 4.456242918968200684e-01
6.151270270347595215e-01 4.192236661911010742e-01
6.151270270347595215e-01 4.192236661911010742e-01
6.091971397399902344e-01 4.276357293128967285e-01
6.091971397399902344e-01 4.276357293128967285e-01
5.577265620231628418e-01 4.176594018936157227e-01
5.577265620231628418e-01 4.176594018936157227e-01
5.577265620231628418e-01 4.176594018936157227e-01
5.182271003723144531e-01 4.049463272094726562e-01
5.182271003723144531e-01 4.049463272094726562e-01
5.064872503280639648e-01 3.896032571792602539e-01
5.064872503280639648e-01 3.896032571792602539e-01
4.980159699916839600e-01 3.702706098556518555e-01
4.980159699916839600e-01 3.702706098556518555e-01
4.980159699916839600e-01 3.702706098556518555e-01
4.904250502586364746e-01 3.584603071212768555e-01
4.904250502586364746e-01 3.584603071212768555e-01
4.871329367160797119e-01 3.404906094074249268e-01
4.943634867668151855e-01 3.532565832138061523e-01
4.943634867668151855e-01 3.532565832138061523e-01
4.980108737945556641e-01 3.622039556503295898e-01
4.980108737945556641e-01 3.622039556503295898e-01
4.933683276176452637e-01 3.564906120300292969e-01
4.933683276176452637e-01 3.564906120300292969e-01
4.883156418800354004e-01 3.485504388809204102e-01
4.883156418800354004e-01 3.485504388809204102e-01
4.932288527488708496e-01 3.576960563659667969e-01
4.932288527488708496e-01 3.576960563659667969e-01
4.945278763771057129e-01 3.493666648864746094e-01
4.945278763771057129e-01 3.493666648864746094e-01
4.909680485725402832e-01 3.544888496398925781e-01
4.909680485725402832e-01 3.544888496398925781e-01
4.909680485725402832e-01 3.544888496398925781e-01
4.892596304416656494e-01 3.465319871902465820e-01
4.892596304416656494e-01 3.465319871902465820e-01
4.921799600124359131e-01 3.523396253585815430e-01
4.921799600124359131e-01 3.523396253585815430e-01
4.921799600124359131e-01 3.523396253585815430e-01
4.795536398887634277e-01 3.376481235027313232e-01
4.795536398887634277e-01 3.376481235027313232e-01
4.342527985572814941e-01 3.173913955688476562e-01
4.342527985572814941e-01 3.173913955688476562e-01
4.342527985572814941e-01 3.173913955688476562e-01
4.027768075466156006e-01 3.072799444198608398e-01
4.027768075466156006e-01 3.072799444198608398e-01
3.691316246986389160e-01 3.597022294998168945e-01
3.691316246986389160e-01 3.597022294998168945e-01
3.691316246986389160e-01 3.597022294998168945e-01
3.700004220008850098e-01 3.421202898025512695e-01
3.700004220008850098e-01 3.421202898025512695e-01
3.841015696525573730e-01 3.340593576431274414e-01
3.841015696525573730e-01 3.340593576431274414e-01
3.875373601913452148e-01 3.475021123886108398e-01
3.875373601913452148e-01 3.475021123886108398e-01
4.013313353061676025e-01 3.247421979904174805e-01
4.013313353061676025e-01 3.247421979904174805e-01
4.060096740722656250e-01 3.301004171371459961e-01
4.060096740722656250e-01 3.301004171371459961e-01
4.060096740722656250e-01 3.301004171371459961e-01
4.103804528713226318e-01 3.335157632827758789e-01
4.103804528713226318e-01 3.335157632827758789e-01
4.101973176002502441e-01 3.174099922180175781e-01
4.101973176002502441e-01 3.174099922180175781e-01
4.049704670906066895e-01 3.253434002399444580e-01
4.049704670906066895e-01 3.253434002399444580e-01
4.146212637424468994e-01 3.150107562541961670e-01
4.146212637424468994e-01 3.150107562541961670e-01
4.396263957023620605e-01 3.181002438068389893e-01
4.396263957023620605e-01 3.181002438068389893e-01
4.699236750602722168e-01 3.113247156143188477e-01
4.723119735717773438e-01 3.018445968627929688e-01
4.723119735717773438e-01 3.018445968627929688e-01
4.907005429267883301e-01 3.194203376770019531e-01
4.991659224033355713e-01 3.214188814163208008e-01
4.991659224033355713e-01 3.214188814163208008e-01
5.045720338821411133e-01 3.178797960281372070e-01
5.045720338821411133e-01 3.178797960281372070e-01
5.056021809577941895e-01 3.207575976848602295e-01
5.056021809577941895e-01 3.207575976848602295e-01
4.978390336036682129e-01 3.199837505817413330e-01
4.978390336036682129e-01 3.199837505817413330e-01
4.988532662391662598e-01 3.120061159133911133e-01
4.988532662391662598e-01 3.120061159133911133e-01
4.997673630714416504e-01 3.099689483642578125e-01
4.997673630714416504e-01 3.099689483642578125e-01
5.052288770675659180e-01 3.103839159011840820e-01
5.052288770675659180e-01 3.103839159011840820e-01
5.078433156013488770e-01 3.160600662231445312e-01
5.078433156013488770e-01 3.160600662231445312e-01
5.030980706214904785e-01 3.160678148269653320e-01
5.002922415733337402e-01 3.181265592575073242e-01
5.002922415733337402e-01 3.181265592575073242e-01
4.937112927436828613e-01 3.173133134841918945e-01
4.937112927436828613e-01 3.173133134841918945e-01
4.916691184043884277e-01 3.072730302810668945e-01
4.916691184043884277e-01 3.072730302810668945e-01
4.742941856384277344e-01 3.126795589923858643e-01
4.742941856384277344e-01 3.126795589923858643e-01
4.486121237277984619e-01 3.026829957962036133e-01
4.486121237277984619e-01 3.026829957962036133e-01
4.486121237277984619e-01 3.026829957962036133e-01
4.417427182197570801e-01 3.322330713272094727e-01
4.294077455997467041e-01 3.267675638198852539e-01
4.286283850669860840e-01 3.171894848346710205e-01
4.286283850669860840e-01 3.171894848346710205e-01
4.247898459434509277e-01 3.145762681961059570e-01
4.247898459434509277e-01 3.145762681961059570e-01
4.213694632053375244e-01 3.396914303302764893e-01
4.279643893241882324e-01 3.299912214279174805e-01
4.279643893241882324e-01 3.299912214279174805e-01
4.308546483516693115e-01 3.182567358016967773e-01
4.308546483516693115e-01 3.182567358016967773e-01
4.340673983097076416e-01 3.340584039688110352e-01
4.340673983097076416e-01 3.340584039688110352e-01
4.342947900295257568e-01 3.319040536880493164e-01
4.342947900295257568e-01 3.319040536880493164e-01
4.332484304904937744e-01 3.379992246627807617e-01
4.332484304904937744e-01 3.379992246627807617e-01
4.172903001308441162e-01 3.216307461261749268e-01
4.172903001308441162e-01 3.216307461261749268e-01
4.087216258049011230e-01 3.446525335311889648e-01
4.087216258049011230e-01 3.446525335311889648e-01
4.176844060420989990e-01 3.265408277511596680e-01
4.176844060420989990e-01 3.265408277511596680e-01
4.229695200920104980e-01 3.667298555374145508e-01
4.229695200920104980e-01 3.667298555374145508e-01
4.305847287178039551e-01 3.573940992355346680e-01
4.305847287178039551e-01 3.573940992355346680e-01
4.287312030792236328e-01 3.808013200759887695e-01
4.287312030792236328e-01 3.808013200759887695e-01
4.325637221336364746e-01 3.613748550415039062e-01
4.325637221336364746e-01 3.613748550415039062e-01
4.566341936588287354e-01 3.357922732830047607e-01
4.566341936588287354e-01 3.357922732830047607e-01
4.707933366298675537e-01 3.503938913345336914e-01
4.707017540931701660e-01 3.316802978515625000e-01
4.707017540931701660e-01 3.316802978515625000e-01
4.814371168613433838e-01 3.609889745712280273e-01
4.814371168613433838e-01 3.609889745712280273e-01
4.755791127681732178e-01 3.459492921829223633e-01
4.755791127681732178e-01 3.459492921829223633e-01
4.755791127681732178e-01 3.459492921829223633e-01
4.908769726753234863e-01 3.591910600662231445e-01
4.898751378059387207e-01 3.594822883605957031e-01
4.898751378059387207e-01 3.594822883605957031e-01
4.938707351684570312e-01 3.540089428424835205e-01
4.938707351684570312e-01 3.540089428424835205e-01
4.938707351684570312e-01 3.540089428424835205e-01
4.970130026340484619e-01 3.533293008804321289e-01
4.970130026340484619e-01 3.533293008804321289e-01
4.866379797458648682e-01 3.373445272445678711e-01
4.866379797458648682e-01 3.373445272445678711e-01
4.903099536895751953e-01 3.502614200115203857e-01
4.903099536895751953e-01 3.502614200115203857e-01
4.899335801601409912e-01 3.476762771606445312e-01
4.899335801601409912e-01 3.476762771606445312e-01
4.949381947517395020e-01 3.496235609054565430e-01
4.949381947517395020e-01 3.496235609054565430e-01
4.940115511417388916e-01 3.477890789508819580e-01
4.940115511417388916e-01 3.477890789508819580e-01
4.897364079952239990e-01 3.344883918762207031e-01
4.897364079952239990e-01 3.344883918762207031e-01
4.901157021522521973e-01 3.349747657775878906e-01
4.901157021522521973e-01 3.349747657775878906e-01
4.913291037082672119e-01 3.439508676528930664e-01
4.913291037082672119e-01 3.439508676528930664e-01
4.893656373023986816e-01 3.342995643615722656e-01
4.893656373023986816e-01 3.342995643615722656e-01
